5
1 1 2 2 3 4 
2 3 3 4 4 5 

6
2 2 3 3 3 4 4 5 6 6 
1 3 1 4 6 1 5 6 1 2 

4
1 2 2 2 4 
3 1 3 4 3 

10
1 1 1 1 2 2 2 2 3 3 3 3 3 3 4 4 4 4 4 5 5 5 5 5 5 6 6 7 7 7 8 8 8 8 9 9 9 9 10 10 10 10 
2 6 7 10 5 6 7 8 2 6 7 8 9 10 1 2 7 8 10 1 3 4 6 9 10 4 7 5 8 9 1 5 6 10 2 4 6 8 2 6 7 9 

36
1 1 1 1 1 1 1 1 1 1 2 2 3 3 3 4 4 4 4 4 5 5 5 5 6 6 6 6 7 7 7 7 7 7 8 8 8 8 8 8 8 8 9 9 9 9 9 9 9 10 10 10 11 11 11 11 11 11 11 11 11 12 12 12 12 12 12 12 12 12 13 13 13 13 13 13 13 14 14 14 14 14 14 15 15 15 15 15 15 16 16 16 16 16 16 16 16 16 16 17 17 17 17 17 17 18 18 18 18 18 18 18 18 18 18 19 19 19 19 19 19 20 20 20 20 20 20 20 20 20 21 21 21 21 21 21 21 21 21 21 21 22 22 22 22 22 22 22 22 23 23 23 23 23 23 23 24 24 24 24 24 24 25 25 25 25 25 25 25 26 26 26 26 26 26 26 26 26 26 26 27 27 27 27 27 27 27 27 28 28 28 28 28 28 28 28 29 29 29 29 29 29 29 29 29 29 29 30 30 30 30 30 30 30 30 31 31 31 31 31 32 32 32 32 32 32 32 32 32 32 32 32 32 33 33 33 33 33 33 33 33 33 33 34 34 34 34 34 34 34 34 34 35 35 35 35 35 35 35 35 35 35 36 36 36 36 36 
3 5 7 9 12 15 20 23 25 36 21 27 19 25 32 5 8 13 15 21 2 17 20 30 1 11 26 27 2 3 4 19 33 36 2 7 10 11 19 20 31 34 6 10 15 17 19 23 24 4 5 28 7 9 14 15 16 17 21 23 28 5 6 9 11 13 15 16 18 22 9 11 19 22 29 32 33 1 2 13 28 30 32 13 17 21 22 27 35 5 8 15 21 22 24 30 31 33 34 1 2 3 7 23 29 1 4 9 15 20 24 30 31 32 34 5 12 15 18 21 30 3 6 14 22 24 26 31 32 34 3 7 8 10 18 22 25 29 31 32 36 7 8 17 18 19 26 27 36 5 8 16 26 32 33 36 8 10 17 25 29 31 5 13 14 15 17 22 23 1 7 8 10 12 16 24 25 27 31 36 8 9 11 16 24 25 31 35 1 4 7 13 15 16 27 34 2 4 8 9 10 15 22 23 26 31 34 1 3 9 15 21 22 28 31 10 14 15 17 19 7 8 9 12 16 19 22 25 26 28 34 35 36 2 4 6 8 15 20 22 25 30 32 1 10 11 17 23 24 27 30 31 4 6 8 12 17 18 20 25 29 30 6 8 25 28 33 

29
1 1 1 2 2 2 2 3 3 3 4 4 4 5 5 5 6 6 7 7 7 7 7 7 8 8 8 9 9 9 9 11 12 12 12 12 13 13 13 13 13 14 15 16 17 17 17 18 18 19 19 19 19 20 22 22 22 23 23 23 23 23 24 26 26 26 28 
12 18 20 12 15 27 29 2 16 26 10 21 27 7 8 15 9 14 2 14 17 19 21 28 2 6 26 1 7 8 22 21 9 17 21 25 15 17 20 23 29 25 19 23 3 4 16 6 24 11 13 16 25 12 6 12 29 2 5 10 21 24 17 13 17 25 17 